0,000001110001
1,000001111101
2,010011000000
3,000000000011
4,010000100111
5,101000100001
6,101000001101
7,010011001111
8,001000111011
9,110010110011
10,010110110000
11,110000111100
12,111110101000
13,100011001101
14,100100000001
15,101100011011
16,110111111100
17,010110101011
18,000010010001
19,100000000111
20,100000111100
21,111011100010
22,101010001101
23,111011110000
24,111010001101
25,010010110110
26,000101011011
27,001101101110
28,101100100000
29,101010111101
30,100010010111
31,000100100101
32,001000100011
33,000001011111
34,000100001101
35,011111100101
36,101001110011
37,100010000001
38,010111010100
39,100101101001
40,100001001000
41,110011010111
42,010111010001
43,111000011010
44,110101100100
45,011100001000
46,001010000000
47,011111001010
48,010111110111
49,100000000001
50,111011101011
51,100000100010
52,111110100110
53,001000000001
54,100001111110
55,000110010110
56,011001101010
57,101111001011
58,010010010100
59,000110110111
60,001000011111
61,100111001110
62,111110111111
63,100000010010
64,110111111001
65,000111011100
66,100100000010
67,111000110001
68,000011101010
69,010111111011
70,101010111000
71,010101001101
72,000010101101
73,001000000111
74,011111101110
75,010011100010
76,100010100000
77,001101000011
78,010011101010
79,111100000011
80,001100010010
81,011111100001
82,000001101101
83,011011100010
84,010011010000
85,111010001011
86,100111011101
87,011110010110
88,001110010100
89,010001110101
90,001011011100
91,001111011101
92,111111000001
93,100101001111
94,110111011111
95,001110100010
96,111111111110
97,001101111010
98,001110001101
99,001001110100
100,100000110000
101,001100000001
102,100001101100
103,110100110011
104,111101100000
105,000000000001
106,000010101100
107,101000000011
108,110011110100
109,000001010011
110,001101010111
111,100001101011
112,111000101011
113,000100010001
114,011111101010
115,010110011011
116,110111110000
117,100110111111
118,110111000011
119,110100101011
120,110011011001
121,101101001010
122,101110111100
123,101010110010
124,011111110000
125,100000011010
126,010100011111
127,100001111011
128,100000000000
129,100101000111
130,001111010111
131,110111111010
132,011011011111
133,111101000101
134,101111000111
135,101111000001
136,010100101110
137,001001101110
138,100001011000
139,100100010000
140,111111111011
141,111000000100
142,000010111000
143,010111111100
144,111110001100
145,011001111011
146,101011100111
147,111101001001
148,001111100011
149,101000101110
150,010001101001
151,001101001110
152,011011000110
153,111000000000
154,010010001100
155,111011000110
156,011011001011
157,111000000011
158,110110001110
159,001001101001
160,100011010101
161,100101111011
162,101111110001
163,011001011011
164,111101000100
165,110000100001
166,010001000110
167,011000101101
168,000101001001
169,000011111100
170,010001110011
171,111111100010
172,000110010000
173,101101001101
174,110000010111
175,000010010010
176,001110111001
177,110011001111
178,000010110010
179,010010000110
180,101100101100
181,111111011100
182,000111011111
183,011011111001
184,011100101011
185,100011010110
186,011101011111
187,010000010111
188,000110111001
189,010010111010
190,010011101000
191,011010101110
192,011100111101
193,010110110011
194,011110100100
195,100000100011
196,100001001011
197,001000111110
198,101101001011
199,101111101000
200,001011000111
201,101111101110
202,101001100011
203,110010110010
204,101111010001
205,110100010000
206,100011000010
207,001010110010
208,110111101101
209,000010001000
210,001101100000
211,101110101001
212,000111000000
213,011010101000
214,100111110011
215,111110000011
216,111101111011
217,100111110110
218,110100000111
219,101100111001
220,011111000001
221,110110101111
222,111011100101
223,000001001111
224,001111001010
225,010110010100
226,000001010001
227,111101111110
228,101010000110
229,001111011100
230,110001101010
231,101011110101
232,001001001011
233,101100010101
234,101011101011
235,100010110011
236,101001011111
237,101010010100
238,100001110011
239,001110000101
240,011110111110
241,111010111111
242,100110011001
243,010101111100
244,000101010100
245,111101101001
246,011100011010
247,001000111010
248,011111010011
249,100010001010
250,000111010011
251,010011100000
252,011011001000
253,001011101110
254,001001111100
255,111000011101
256,101011111101
257,110000110110
258,100010111001
259,010111101000
260,100101101101
261,011011011000
262,010101010011
263,011010000001
264,000001101011
265,101001110000
266,101111111100
267,000111100001
268,010111010110
269,010110000000
270,101010100100
271,010011110000
272,111011000100
273,110010100111
274,101101011111
275,011011101100
276,000011101110
277,011001100000
278,010110111011
279,100110011000
280,111101000011
281,000111011001
282,001101011110
283,010000100110
284,111011100001
285,001100100101
286,110110001001
287,111101001111
288,000111011000
289,001110011010
290,101000000000
291,111110011100
292,000100110000
293,100001110010
294,101101011000
295,101001100110
296,010000101110
297,010110111100
298,111000100100
299,110101101000
300,001111010100
301,110111010000
302,110010011100
303,110111000110
304,010100010011
305,001000010111
306,100111101001
307,100110101011
308,101010000100
309,111000010001
310,001001010011
311,100100111001
312,010000010011
313,010110010110
314,100101100010
315,011010011100
316,101101011110
317,100110101111
318,011100011100
319,011000110110
320,001000001110
321,101011111001
322,011001001011
323,000100111101
324,011111110100
325,101000110001
326,110111011000
327,100100010111
328,000111111100
329,110001110101
330,111001001000
331,101000011110
332,110111100101
333,010010001010
334,100110100010
335,111100011010
336,110111100110
337,011100110110
338,110100111000
339,011110010010
340,110100010001
341,010010100000
342,010100000000
343,010110110010
344,110111111101
345,101000000110
346,100010101000
347,111101000010
348,001011010001
349,010011111110
350,000001010000
351,100101001011
352,011000110001
353,001111101011
354,000001110010
355,101010101010
356,011011010000
357,011011001101
358,111001000100
359,110111001010
360,000111010100
361,000111111101
362,010111000110
363,010100010111
364,010001001010
365,001001010110
366,101111001110
367,000111100000
368,110111000100
369,001001000001
370,011111110111
371,101111000100
372,110100011010
373,100000111010
374,000000011101
375,001010010100
376,001000001100
377,001101101010
378,011110110001
379,100101011101
380,101000101001
381,101010000011
382,100111100001
383,001011001000
384,000111111001
385,000011110101
386,111111110000
387,100010000101
388,001100111000
389,001001011011
390,001111111110
391,011000110111
392,110111001110
393,111001111101
394,000111010000
395,001110100011
396,100111111000
397,111011110010
398,001000110101
399,110101111111
400,101110001000
401,100100000000
402,101001110100
403,000100010011
404,001110110010
405,011011000111
406,011110011100
407,111010110011
408,100011010000
409,101110100001
410,101011001110
411,010101011000
412,101100011101
413,011100000111
414,101010010011
415,000101000000
416,111000000110
417,110010001001
418,001111111010
419,010001101110
420,111011100110
421,010111101011
422,101111010100
423,011111110101
424,010110110001
425,000100101011
426,101010101001
427,111110110010
428,011110000010
429,111001001101
430,101100110110
431,011000001110
432,001110000111
433,100001000001
434,100111110010
435,101101101111
436,000110011001
437,000000110011
438,111110001101
439,000000111100
440,101111100010
441,100110100001
442,011110110110
443,101011110100
444,101101110100
445,011111110011
446,110110011110
447,111010001110
448,100101110000
449,100000111101
450,001011010110
451,101001111100
452,000010011001
453,000111010001
454,100000101010
455,100010011000
456,100100001000
457,001010100001
458,111100001011
459,110000000110
460,111011000111
461,000000111010
462,101100000111
463,010111010010
464,011001011100
465,000011100010
466,110111101010
467,111111010001
468,100011111000
469,111111100101
470,110011110101
471,100110001010
472,101011101111
473,111111100110
474,101111110010
475,110000010001
476,110001100100
477,101100110001
478,011010111001
479,001000111111
480,110110001000
481,011110001011
482,000100010101
483,010101100100
484,000001001000
485,000000010101
486,100000101101
487,010000000100
488,010110000110
489,111100110010
490,100010001101
491,011001111010
492,100000111011
493,110111101110
494,111000100010
495,101011010010
496,111000011011
497,001101000111
498,110011111100
499,110101010101
500,010100101010
501,110110010110
502,101011100000
503,111101111010
504,101000011000
505,000101011000
506,111010000001
507,000100000010
508,100110000100
509,010111100001
510,110001010101
511,110011111101
512,110000101010
513,011100111110
514,011010100100
515,000111100011
516,101000000111
517,011110101110
518,001111001110
519,110010010010
520,010010111111
521,111110011011
522,110110111011
523,111000111011
524,010100100000
525,100001010110
526,010010011111
527,010000101010
528,011011110101
529,001101101101
530,101110111110
531,001101101000
532,110100110010
533,011010010011
534,011011011110
535,011010101100
536,010101010010
537,101110000000
538,000001011011
539,110100101010
540,110010001111
541,111011111110
542,000101100010
543,110000010011
544,111110001010
545,000101100100
546,110001110100
547,011101111110
548,011010001001
549,110110101101
550,011111101101
551,111111101101
552,111001101000
553,011110100110
554,111011011001
555,010001110010
556,101001110111
557,010011110100
558,011011001010
559,110100011101
560,111001111001
561,010001100111
562,011100110000
563,101110001101
564,000100111111
565,001100100111
566,000010111001
567,110000100101
568,010101101101
569,100100110111
570,111110111100
571,100000101111
572,011110110111
573,100010001110
574,001000000110
575,111110110110
576,001100100010
577,000011111111
578,010000100010
579,000101111100
580,001000100111
581,011001000110
582,110001111110
583,001001011010
584,101111101111
585,001000010100
586,100100001100
587,001010101100
588,110100000101
589,001011101000
590,101011100101
591,011011111100
592,111000111100
593,110000001101
594,010011010101
595,001001110110
596,110110101011
597,101100010111
598,011000010101
599,010100011000
600,010001001100
601,010101110101
602,110100100110
603,111111101011
604,000110010111
605,100100110001
606,001111000011
607,010100000010
608,011101101010
609,010111110101
610,011101011001
611,101111010010
612,000000010110
613,100000100000
614,010001011010
615,000110011111
616,110000110111
617,111001110011
618,110100111110
619,000000001001
620,001000110001
621,000110000101
622,010110100000
623,001100010100
624,101010100101
625,111100001100
626,111010110110
627,000001100111
628,001011011110
629,000100100001
630,111001111000
631,110001011001
632,110101110101
633,101010110101
634,000011001010
635,001010110000
636,101111110101
637,101001111001
638,100010111101
639,001110101001
640,110011110111
641,101011001001
642,010001111100
643,000101100011
644,011110001100
645,111111110101
646,010010011001
647,111000110111
648,100110100000
649,010110110100
650,011111111110
651,001111101100
652,100010010010
653,101110010110
654,111010000101
655,011011000100
656,101000011001
657,001000001101
658,010110100111
659,000000011010
660,111101110000
661,000100000001
662,101000000010
663,011110101111
664,100010001111
665,101101110101
666,111110011101
667,001111111011
668,110000101100
669,000111100010
670,101111011111
671,011101101111
672,001011000101
673,100110101110
674,010100100001
675,010000011111
676,010100011001
677,011010100110
678,011010110111
679,101011101101
680,011101000001
681,010111011011
682,000010011100
683,011111011000
684,110011010100
685,011101101110
686,000100110100
687,010010111100
688,110000101000
689,010000110001
690,111011111001
691,110001101001
692,010101001010
693,111001010111
694,111001100000
695,010111000111
696,111011001101
697,001111011110
698,110100110111
699,110001010100
700,100001011010
701,101100001010
702,111111001101
703,111000010000
704,001001011101
705,111110100101
706,011110001110
707,111001101001
708,111011010001
709,001100001111
710,001110101111
711,010011111011
712,001001100001
713,010100111010
714,110000010101
715,011000001010
716,001111101111
717,111000000101
718,011011000011
719,111110010101
720,011000000111
721,010111000000
722,001100010000
723,110001100010
724,110011011100
725,101001101111
726,010010101111
727,011110101000
728,001000111100
729,100101110110
730,100100101011
731,100101000110
732,110100000100
733,001111110001
734,010001000100
735,110011011111
736,110110110001
737,010001111001
738,101000011101
739,111111101100
740,001111110100
741,111100011100
742,110111011011
743,000001001011
744,001011000100
745,000000010100
746,010001100010
747,010010001001
748,101011101110
749,000010000000
750,010101010000
751,101001000000
752,111010101011
753,000101111000
754,101100101011
755,111001100100
756,001011000011
757,010111101100
758,000100111110
759,000111111111
760,010001010000
761,110110000001
762,110101110100
763,001010100110
764,101110011011
765,011110001101
766,011100100001
767,111110010110
768,100100100001
769,110010011001
770,001010110100
771,011011110010
772,001110110001
773,010100110111
774,100000111001
775,100001011110
776,011011011100
777,101110000111
778,000001011010
779,000000111000
780,001001111111
781,110101101001
782,010011001100
783,101011100100
784,000011111101
785,011100100010
786,000010111011
787,111000010111
788,101101011101
789,100001010011
790,010001000000
791,111110001011
792,111101110010
793,100001101110
794,100000111000
795,010101010101
796,100110110001
797,010001101000
798,110001011011
799,011011010001
800,011101000000
801,101101011100
802,001101001001
803,101001100000
804,111011111000
805,110101111000
806,011001110101
807,011000111000
808,000011010100
809,011010010101
810,000010110110
811,110001101000
812,000001111011
813,000101110001
814,000110100011
815,011111000101
816,101010011001
817,110000011011
818,010010101101
819,110101000100
820,111001100011
821,010001100001
822,111001111111
823,000000101110
824,111010000111
825,100100000100
826,111110111001
827,101100011000
828,101111010110
829,010110111111
830,100001000110
831,110000110011
832,101000001111
833,000001001010
834,001100110100
835,100000110101
836,010111110010
837,010011011011
838,110101101101
839,010100111100
840,000010101011
841,111100001101
842,101001000011
843,001101110111
844,011001010001
845,111100111001
846,011100111010
847,111010010010
848,000101111011
849,000001110101
850,110110100001
851,111100110011
852,110110101010
853,110101010010
854,000000010000
855,100100010010
856,001000100110
857,010000110101
858,111011000000
859,101101100001
860,000110001101
861,110110110110
862,000010001101
863,010001101100
864,000000001000
865,000110101011
866,001000011101
867,001111110000
868,000100000100
869,010111110110
870,111111110110
871,101110100000
872,011010010111
873,111111101111
874,011010100001
875,110101111010
876,000010010111
877,011001011000
878,111010101010
879,100101100100
880,010110100101
881,011110111000
882,101001010110
883,101111001100
884,001111001000
885,011100101100
886,101100000010
887,110011100100
888,101001101000
889,110110000110
890,000111101011
891,111110001000
892,001011110000
893,001001100000
894,000111110111
895,000101111010
896,001010000110
897,011100000000
898,110100001000
899,111001001110
900,010111001100
901,101111111001
902,110010110111
903,010101010111
904,100111100110
905,110010100100
906,001011101100
907,110111001111
908,001001100111
909,010011101110
910,001101000100
911,000010111101
912,111101101110
913,111011011101
914,100101110100
915,101110110110
916,000110101101
917,110100100011
918,001001010010
919,111000101111
920,000010011110
921,001101110011
922,111010010001
923,010110001110
924,010000110100
925,010101111001
926,001010011011
927,010110100001
928,000001100110
929,100101111101
930,110000000101
931,010001010010
932,111101110100
933,001000011010
934,011011001001
935,010010010000
936,111111001100
937,001001011111
938,010001100100
939,100011111011
940,011000011100
941,100011011001
942,011111100111
943,110111101001
944,011011110111
945,010100000110
946,011011001100
947,000000101111
948,100000100100
949,101011001010
950,101101001111
951,000011111010
952,011101111010
953,000011110100
954,001011111110
955,101000010010
956,010000110010
957,001000000000
958,011001111100
959,111111000011
960,010101000000
961,110001111010
962,101001101101
963,001011000001
964,110010101010
965,110111110101
966,010100110110
967,101010111001
968,010111100110
969,101001000110
970,000011001000
971,110000001010
972,110001100110
973,111100011110
974,100100101111
975,001110001001
976,011011111010
977,000011000001
978,001111011011
979,000110000011
980,010010100111
981,110010001010
982,011100011001
983,101111101011
984,001100000100
985,101100101111
986,000101001100
987,010100010100
988,100100010001
989,100111111110
990,010111100111
991,001000011000
992,101010001001
993,110000110100
994,111110110001
995,100110100101
996,101000010100
997,100011000000
998,001110100100
999,110000110001