0,0,90
0,1,4
0,2,2
0,3,96
0,4,46
0,5,1
0,6,62
0,7,97
0,8,3
0,9,52
0,10,7
0,11,35
0,12,50
0,13,28
0,14,31
0,15,37
0,16,74
0,17,26
0,18,59
0,19,53
0,20,82
0,21,47
0,22,83
0,23,80
0,24,19
0,25,40
0,26,68
0,27,95
0,28,34
0,29,55
0,30,54
0,31,73
0,32,12
0,33,78
0,34,30
0,35,63
0,36,57
0,37,93
0,38,72
0,39,77
0,40,56
0,41,91
0,42,23
0,43,67
0,44,64
0,45,79
0,46,85
0,47,84
0,48,76
0,49,10
0,50,58
0,51,0
0,52,29
0,53,13
0,54,94
0,55,20
0,56,32
0,57,25
0,58,11
0,59,38
0,60,89
0,61,21
0,62,98
0,63,92
0,64,42
0,65,27
0,66,14
0,67,99
0,68,24
0,69,75
0,70,86
0,71,51
0,72,22
0,73,48
0,74,9
0,75,33
0,76,49
0,77,18
0,78,70
0,79,8
0,80,87
0,81,61
0,82,39
0,83,16
0,84,66
0,85,71
0,86,5
0,87,69
0,88,15
0,89,43
0,90,88
0,91,45
0,92,6
0,93,81
0,94,60
0,95,36
0,96,44
0,97,17
0,98,41
0,99,65
1
2,76,82,2,92,53
3,74,33,8,89,3
4,80,27,72,26,91
5,30,83,7,16,4
6,20,56,48,5,13
7
8,67,7,75,66,4
9,35,97,21,29,95
10,58,98,56,71,65
11,55,61,19,64,9
12,38,34,42,30,2
13
14,79,97,63,98,75
15,1,13,0,76,46
16,56,59,58,55,86
17,43,27,73,67,31
18,33,81,26,19,3
19
20,3,37,33,8,19
21,34,69,82,9,51
22,56,45,15,85,79
23,32,55,81,22,12
24,42,20,48,7,75
25
26,16,68,45,31,54
27,57,40,77,5,76
28,67,24,84,14,41
29,21,23,27,36,7
30,56,8,86,50,22
31
32,28,53,81,26,40
33,59,29,49,89,48
34,10,44,3,42,7
35,79,87,32,31,54
36,15,23,65,69,56
37
38,86,20,47,1,94
39,3,91,77,14,83
40,79,93,4,92,65
41,0,67,30,36,7
42,6,48,59,35,73
43
44,75,87,7,28,25
45,31,71,35,52,32
46,47,99,0,80,33
47,41,59,24,50,17
48,93,58,26,81,53
49
50,41,77,15,55,86
51,20,5,54,79,93
52,3,61,57,47,7
53,85,98,91,39,13
54,4,81,63,72,24
55
56,27,37,57,38,72
57,86,99,14,2,15
58,94,25,73,13,54
59,19,26,56,3,7
60,1,49,33,24,21
61
62,11,79,12,89,1
63,23,98,49,66,48
64,15,30,90,57,31
65,55,47,61,9,74
66,76,93,81,63,95
67
68,51,92,84,77,26
69,85,42,80,89,25
70,82,41,73,58,49
71,6,36,75,4,40
72,62,11,56,24,69
73
74,19,79,35,75,18
75,7,4,12,78,70
76,44,52,26,94,60
77,71,65,61,89,87
78,83,95,73,93,13
79
80,36,79,62,91,58
81,12,46,9,55,93
82,98,32,68,87,69
83,27,90,51,45,2
84,15,43,29,26,40
85
86,29,47,78,54,31
87,98,65,71,8,72
88,75,51,13,80,2
89,93,69,20,52,96
90,33,91,3,37,62
91
92,94,74,2,23,71
93,16,95,52,31,80
94,3,4,28,9,50
95,6,40,47,62,48
96,97,43,85,11,99
97
98,20,64,23,36,39
99,22,31,75,45,24
100,53,19,17,58,51
101,66,4,81,72,37
102,34,82,42,91,48
103
104,22,15,43,97,13
105,73,71,88,1,48
106,84,4,29,87,95
107,90,40,11,67,6
108,23,10,12,64,99
109
110,29,61,2,34,89
111,93,87,10,42,65
112,13,45,88,30,69
113,71,78,1,20,19
114,44,75,9,84,37
115
116,48,89,80,68,45
117,81,12,1,64,77
118,79,87,21,26,40
119,44,82,46,78,54
120,33,63,8,0,98
121
122,0,62,13,43,93
123,11,66,99,86,55
124,27,89,51,98,46
125,39,76,73,24,37
126,23,68,72,80,64
127
128,37,89,58,78,76
129,41,9,22,97,82
130,40,39,73,96,8
131,91,4,84,35,34
132,70,12,79,75,7
133
134,26,18,12,88,97
135,10,51,62,53,79
136,24,47,31,89,21
137,57,96,1,17,80
138,58,92,7,14,60
139
140,12,23,6,71,64
141,82,40,15,18,29
142,53,21,76,52,84
143,32,86,89,22,91
144,74,58,80,2,63
145
146,71,96,10,39,87
147,45,68,94,76,33
148,59,60,11,62,88
149,13,37,63,47,7
150,44,79,24,21,16
151
152,80,71,39,36,1
153,9,23,55,58,91
154,65,60,19,25,22
155,0,88,98,83,93
156,82,69,43,78,8
157
158,67,80,42,49,97
159,7,18,92,98,89
160,21,95,61,8,64
161,76,63,52,68,87
162,47,34,84,45,96
163
164,40,0,45,33,79
165,18,56,83,6,58
166,66,7,4,25,61
167,91,46,60,22,99
168,62,65,64,84,17
169
170,68,18,96,88,61
171,89,55,81,20,70
172,60,76,17,69,40
173,37,63,41,54,11
174,43,94,58,47,31
175
176,60,63,64,26,21
177,87,99,49,11,16
178,70,41,50,1,38
179,45,98,94,67,62
180,13,34,61,92,40
181
182,56,64,37,26,34
183,69,16,72,75,77
184,19,8,50,38,98
185,0,2,99,48,20
186,68,35,88,57,90
187
188,17,41,40,48,54
189,67,52,63,25,78
190,95,26,12,85,37
191,69,93,58,62,11
192,47,33,14,35,81
193
194,26,51,80,31,64
195,2,7,59,37,57
196,70,78,52,91,50
197,86,0,15,20,25
198,85,79,41,98,83
199
200,91,86,31,63,4
201,81,37,77,94,74
202,45,95,88,23,40
203,29,46,79,18,70
204,75,14,20,51,68
205
206,30,59,37,56,99
207,74,14,4,21,53
208,61,49,84,40,33
209,20,51,79,66,27
210,58,23,88,17,75
211
212,46,64,31,6,61
213,38,14,77,83,59
214,13,81,91,17,24
215,11,96,90,10,49
216,73,82,1,69,45
217
218,21,57,79,10,41
219,67,74,96,20,94
220,29,40,78,9,85
221,23,25,49,0,39
222,59,88,58,86,92
223
224,1,22,49,43,32
225,47,56,18,16,25
226,42,57,48,53,46
227,78,20,89,36,96
228,24,28,76,39,29
229
230,53,66,38,11,94
231,49,27,25,1,82
232,12,72,50,61,51
233,97,92,96,4,89
234,47,44,21,24,81
235
236,16,70,78,12,63
237,87,32,95,99,64
238,68,54,85,53,94
239,88,22,52,3,23
240,48,27,1,58,31
241
242,71,62,41,44,49
243,67,98,61,48,46
244,47,9,24,30,51
245,29,76,57,53,34
246,23,96,42,5,73
247
248,50,72,56,97,2
249,20,5,3,55,93
250,24,7,22,9,96
251,58,60,38,17,36
252,11,54,79,28,53
253
254,13,21,35,79,91
255,8,28,68,54,6
256,0,25,82,78,1
257,29,99,41,46,95
258,66,72,17,55,76
259
260,43,42,7,85,90
261,91,80,79,72,8
262,34,77,44,30,92
263,48,49,40,70,86
264,28,69,27,84,73
265
266,17,94,67,26,63
267,68,77,71,23,13
268,6,96,11,21,73
269,53,33,80,62,99
270,60,36,38,32,75
271
272,75,83,50,32,29
273,61,94,4,35,51
274,52,77,54,69,5
275,36,89,76,26,71
276,74,19,13,33,18
277
278,29,24,28,5,54
279,56,86,37,45,83
280,34,77,42,58,76
281,82,1,4,39,64
282,61,26,99,72,89
283
284,25,80,23,88,2
285,76,93,90,86,52
286,17,62,55,83,7
287,57,81,24,0,99
288,67,44,27,4,94
289
290,71,26,62,63,31
291,4,15,38,0,89
292,41,77,34,42,19
293,39,90,45,30,73
294,3,33,8,50,55
295
296,65,26,20,8,70
297,96,24,88,29,46
298,22,6,21,4,72
299,59,32,18,49,61
300,28,58,66,67,92
301
302,68,45,62,77,40
303,53,1,21,11,83
304,44,88,81,56,89
305,29,32,47,0,50
306,26,74,78,59,6
307
308,52,56,23,84,74
309,64,21,45,35,75
310,82,86,60,97,83
311,69,78,15,20,37
312,68,36,17,43,28
313
314,92,33,36,48,34
315,75,77,79,39,88
316,61,28,21,2,94
317,84,89,17,22,67
318,38,41,7,80,12
319
320,27,34,91,21,87
321,5,65,7,70,36
322,31,3,38,49,61
323,96,62,50,97,20
324,47,37,16,59,76
325
326,39,50,3,25,31
327,37,36,88,40,14
328,26,70,75,30,9
329,97,42,86,90,20
330,38,66,22,4,69
331
332,62,64,72,11,79
333,50,0,89,30,70
334,83,53,93,39,22
335,90,20,80,55,32
336,6,12,19,27,2
337
338,17,85,24,50,13
339,12,41,75,74,35
340,3,88,69,73,1
341,77,34,71,32,44
342,96,26,37,46,9
343
344,84,20,33,4,21
345,5,22,19,91,51
346,23,56,44,43,68
347,6,50,70,47,46
348,75,81,34,32,13
349
350,6,36,27,32,59
351,4,75,63,86,48
352,81,49,44,7,25
353,0,69,11,43,91
354,87,39,23,47,98
355
356,53,16,97,94,69
357,4,43,9,67,33
358,21,83,32,87,35
359,55,78,68,28,75
360,51,19,82,54,24
361
362,50,84,63,21,92
363,51,52,97,66,1
364,22,44,31,64,49
365,83,24,2,35,45
366,15,16,71,60,58
367
368,54,83,48,63,2
369,43,82,65,20,42
370,52,86,58,27,75
371,7,76,64,18,11
372,77,93,67,0,25
373
374,12,60,93,99,37
375,29,44,47,4,89
376,30,63,52,66,91
377,2,38,72,84,6
378,1,96,5,18,33
379
380,76,61,58,41,43
381,21,69,55,18,79
382,40,59,9,7,36
383,77,82,47,84,89
384,92,13,49,6,62
385
386,33,68,74,92,24
387,28,3,15,77,37
388,83,72,21,71,29
389,88,64,47,35,44
390,51,18,31,95,99
391
392,71,50,97,18,77
393,29,30,0,88,49
394,98,99,95,11,1
395,46,83,64,55,56
396,9,6,59,87,19
397
398,71,41,13,33,4
399,23,22,26,28,82
400,95,62,7,34,64
401,10,68,14,21,37
402,73,53,88,81,1
403
404,16,87,61,58,95
405,90,27,3,65,38
406,35,17,85,6,47
407,69,22,54,83,82
408,28,67,96,48,88
409
410,17,47,81,13,77
411,64,86,82,62,24
412,40,41,52,50,15
413,4,71,2,90,22
414,61,38,20,78,34
415
416,65,51,54,10,16
417,52,28,68,75,8
418,26,97,96,49,73
419,95,17,64,80,34
420,5,76,25,66,77
421
422,30,10,42,72,75
423,67,85,36,64,25
424,61,48,59,96,98
425,81,89,3,4,46
426,33,84,32,78,80
427
428,93,24,5,21,95
429,18,1,66,57,31
430,2,17,62,8,28
431,73,10,38,25,63
432,91,71,48,44,4
433
434,92,54,34,5,74
435,8,31,94,24,44
436,43,2,64,49,21
437,73,19,99,60,78
438,0,23,16,86,85
439
440,25,34,6,67,71
441,79,76,39,81,32
442,23,36,82,92,50
443,10,51,55,40,80
444,20,44,30,24,28
445
446,74,22,58,26,10
447,36,43,76,93,15
448,87,55,6,91,37
449,81,86,8,99,30
450,78,62,50,44,54
451
452,16,14,79,80,42
453,27,83,26,82,29
454,43,76,9,66,5
455,75,77,99,45,10
456,2,61,32,73,91
457
458,16,60,83,81,47
459,23,27,59,85,24
460,75,33,36,86,15
461,70,91,55,93,63
462,25,32,53,14,82
463
464,98,87,40,52,0
465,86,58,74,2,84
466,24,99,61,41,92
467,77,17,1,43,57
468,62,70,94,89,19
469
470,7,18,19,85,98
471,40,0,99,45,63
472,59,49,37,42,5
473,58,82,25,53,4
474,2,1,62,68,33
475
476,21,87,18,29,34
477,53,24,26,67,25
478,49,77,4,64,59
479,52,12,97,2,36
480,66,76,9,74,95
481
482,92,44,14,18,48
483,31,74,79,86,58
484,68,12,33,55,56
485,97,94,25,41,65
486,29,36,53,60,62
487
488,23,26,85,88,7
489,96,1,75,76,9
490,49,44,18,78,59
491,64,83,19,30,74
492,52,95,66,62,22
493
494,43,99,38,73,33
495,36,46,24,32,91
496,47,68,15,5,81
497,37,20,0,97,50
498,12,30,53,4,55
499
500,26,33,49,91,30
501,61,22,7,12,82
502,4,36,1,6,11
503,96,14,35,90,50
504,97,25,28,32,58
505
506,92,36,56,10,62
507,73,35,60,25,34
508,96,24,16,53,84
509,37,51,30,58,1
510,20,80,43,63,45
511
512,39,68,53,30,91
513,11,97,10,12,55
514,6,76,57,77,48
515,56,51,98,71,82
516,46,27,54,33,5
517
518,19,38,63,64,61
519,48,28,29,60,72
520,99,94,55,25,76
521,98,37,7,3,80
522,10,2,16,35,50
523
524,16,68,75,19,58
525,28,21,56,11,46
526,60,25,32,88,30
527,53,62,69,7,91
528,73,94,24,6,38
529
530,69,4,37,70,54
531,67,17,2,57,16
532,72,30,43,58,1
533,6,56,28,86,18
534,7,94,55,35,77
535
536,73,32,57,79,1
537,89,17,26,44,29
538,11,86,94,38,74
539,49,98,54,76,6
540,67,45,87,21,51
541
542,14,73,22,48,69
543,78,89,4,32,18
544,96,59,26,43,92
545,68,33,97,53,35
546,61,52,87,57,31
547
548,86,1,22,31,20
549,14,84,23,38,18
550,57,67,5,90,6
551,91,21,52,65,36
552,61,56,3,51,25
553
554,60,5,98,31,76
555,3,44,24,16,63
556,0,96,56,25,84
557,88,18,71,93,19
558,26,77,86,23,65
559
560,62,58,11,34,26
561,35,56,97,67,90
562,20,65,27,73,77
563,4,84,19,82,45
564,43,92,18,68,55
565
566,33,46,21,41,75
567,98,73,67,80,81
568,84,16,44,93,94
569,1,9,26,97,52
570,88,74,12,95,99
571
572,46,83,30,22,79
573,72,26,42,74,33
574,54,41,94,86,82
575,27,81,31,34,12
576,77,6,38,56,71
577
578,22,80,82,60,24
579,20,49,51,58,59
580,47,35,67,92,78
581,15,8,71,97,63
582,37,27,98,16,38
583
584,71,94,59,27,83
585,81,68,58,61,43
586,12,75,93,70,56
587,19,28,99,39,20
588,18,22,34,78,13
589
590,43,70,54,13,60
591,17,24,31,47,84
592,88,15,40,45,76
593,7,78,63,75,56
594,23,66,96,26,46
595
596,2,16,13,57,32
597,26,70,37,50,68
598,58,17,3,96,67
599,33,95,72,59,42
600,94,43,51,20,60